
321130490
1564166803
548442289
757080824
1217882272
1973373471
1079055225
382998699
1280236389
1395543551
1791862427
1527226871
1777802137
411106561
1187971565
1637517804
2141162111
712008424
2138328625
2121666085
1474431051
921595555
1251552347
877233232
486413394
469603624
815803523
965031433
1901769993
1237445673
252981209
1766991979
396742369
1791667631
1406247694
1789151589
1571538183
1131003976
2001818286
2124823246
1974546178
655867918
423882130
1838197085
1929715165
1926962614
1573597856
1058616316
1591043415
663430811
846596256
1942447812
937279165
62430924
727595555
5080615014
5073682473
5007323489
2018327763
1767453825
1043474387
1442558496
1149237746
736079831
793835267
802400793
41696038
2103935153
1880588227
1214553827
815049826
1372942912
1820424900
929834972
875272424
1734607753
1793108986
956901142
1707550862
672902399
1219184171
2137175896
720396651
1067147664
1277050925
985568703
2019977995
2044161095
1604465975
1264533580
2127213005
851256862
1851080851
1910372805
676709209
1073465940
1118778962
1509124605
2144594005
1356352925
